2
36
39
44
48
73
78
83
107
120
148
150
173
175
187
200
209
222
223
226
237
238
245
250
257
259
279
281
286
292
294
299
304
307
319
322
327
332
363
364
372
388
391
397
401
405
419
422
424
445
453
457
468
478
493
504
513
514
517
537
540
548
550
584
610
613
614
625
630
633
634
636
644
647
654
660
691
716
729
732
739
742
745
765
776
797
800
817
824
829
831
838
859
864
868
869
874
876
889
892
893
906
920
922
923
925
927
940
946
975
976
981
986
991
996
997
1003
1017
1032
1037
1050
1051
1054
1057
1065
1066
1077
1133
1139
1156
1175
1178
1185
1188
1208
1211
1225
1228
1238
1246
1252
1257
1263
1270
1304
1336
1337
1338
1342
1346
1349
1350
1353
1357
1366
1373
1375
1376
1382
1396
1403
1408
1410
1411
1413
1432
1433
1447
1452
1460
1463
1486
1507
1515
1519
1539
1547
1552
1575
1586
1605
1610
1621
1643
1645
1655
1657
1659
1679
1683
1690
1697
1712
1723
1750
1772
1791
1796
1803
1812
1818
1825
1840
1843
1864
1872
1891
1892
1896
1916
1928
1931
1933
1937
1948
1958
1966
1985
1992
2045
2056
2059
2083
2086
2093
2099
2102
2109
2111
2113
2123
2127
2134
2139
2158
2159
2177
2185
2187
2192
2199
2201
2243
2249
2254
2255
2261
2270
2297
2300
2312
2328
2351
2354
2355
2375
2391
2392
2397
2398
2413
2416
2430
2433
2434
2438
2440
2447
2460
2463
2476
2482
2489
2492
2496
2497
2501
2504
2518
2573
2597
2603
2611
2622
2626
2636
2653
2663
2665
2670
2680
2700
2727
2730
2742
2753
2781
2785
2788
2803
2839
2849
2862
2865
2892
2905
2911
2919
2941
2960
2972
2978
2982
3005
3022
3036
3038
3048
3049
3058
3072
3082
3090
3106
3107
3117
3129
3135
3143
3152
3177
3181
3196
3202
3208
3213
3224
3230
3240
3251
3257
3258
3259
3261
3268
3275
3281
3294
3302
3319
3328
3331
3338
3340
3356
3368
3376
3385
3397
3416
3436
3437
3475
3483
3490
3509
3511
3512
3514
3515
3523
3548
3567
3578
3579
3600
3601
3612
3629
3656
3659
3662
3669
3676
3682
3683
3695
3697
3704
3730
3732
3773
3774
3776
3786
3797
3803
3812
3818
3824
3833
3840
3845
3863
3877
3900
3905
3910
3913
3914
3922
3933
3934
3946
3947
3959
3964
3987
4039
4056
4067
4099
4101
4104
4114
4115
4116
4128
4134
4136
4150
4157
4162
4168
4174
4177
4181
4188
4190
4205
4206
4207
4248
4249
4251
4261
4275
4276
4280
4290
4297
4327
4340
4342
4343
4346
4351
4355
4368
4385
4386
4388
4402
4403
4416
4419
4428
4443
4446
4452
4457
4477
4483
4504
4505
4507
4511
4518
4522
4547
4550
4560
4563
4574
4583
4595
4616
4626
4633
4637
4657
4667
4669
4685
4706
4710
4711
4714
4717
4724
4726
4735
4776
4802
4806
4813
4817
4849
4871
4877
4879
4890
4900
4906
4921
4940
4942
4944
4945
4951
4955
4962
4963
4965
4966
4970
4982
4986
4996
4998
5019
5025
5038
5046
5054
5087
5090
5096
5100
5106
5120
5121
5126
5128
5150
5158
5168
5190
5193
5217
5218
5251
5265
5267
5268
5273
5283
5293
5309
5339
5341
5367
5368
5382
5386
5391
5393
5408
5418
5428
5437
5450
5456
5476
5488
5495
5503
5508
5516
5522
5537
5542
5546
5558
5563
5596
5606
5616
5627
5630
5635
5637
5642
5644
5668
5693
5717
5718
5724
5734
5740
5749
5762
5764
5768
5773
5786
5800
5821
5824
5830
5841
5850
5864
5880
5884
5896
5908
5922
5925
5932
5935
5945
5955
5984
6011
6015
6028
6036
6037
6042
6052
6053
6058
6065
6075
6085
6094
6107
6110
6112
6119
6124
6133
6157
6181
6184
6194
6204
6218
6226
6235
6241
6247
6267
6275
6280
6282
6306
6312
6322
6331
6338
6341
6346
6353
6358
6385
6392
6413
6419
6424
6432
6440
6447
6463
6467
6470
6481
6498
6500
6514
6520
6522
6529
6535
6542
6555
6563
6567
6575
6582
6585
6595
6608
6615
6617
6636
6646
6678
6699
6704
6714
6722
6733
6745
6755
6774
6786
6797
6798
6801
6811
6821
6829
6832
6837
6845
6850
6879
6886
6907
6913
6921
6930
6940
6950
6990
6994
7002
7003
7008
7013
7014
7016
7023
7055
7065
7075
7094
7101
7116
7121
7136
7148
7152
7155
7157
7164
7185
7193
7206
7213
7230
7236
7238
7246
7250
7267
7272
7282
7292
7309
7322
7328
7329
7346
7349
7350
7360
7365
7387
7401
7407
7413
7421
7458
7470
7473
7483
7484
7487
7493
7498
7509
7519
7529
7540
7565
7571
7573
7576
7588
7605
7610
7620
7628
7636
7638
7679
7684
7686
7688
7711
7717
7725
7730
7740
7750
7763
7773
7774
7782
7786
7790
7795
7816
7841
7849
7858
7877
7887
7895
7910
7918
7923
7931
7936
7946
7956
7978
7987
7993
7995
8020
8026
8032
8037
8048
8060
8070
8080
8092
8095
8103
8109
8113
8120
8130
8140
8154
8162
8166
8169
8175
8199
8209
8226
8239
8246
8254
8263
8293
8296
8311
8316
8319
8321
8324
8346
8354
8362
8366
8382
8395
8410
8425
8439
8451
8461
8471
8483
8493
8496
8499
8522
8533
8545
8551
8561
8570
8585
8593
8595
8603
8613
8616
8626
8640
8647
8649
8674
8684
8694
8705
8708
8713
8715
8720
8722
8747
8794
8795
8801
8811
8821
8831
8839
8845
8871
8881
8890
8903
8908
8909
8916
8924
8937
8944
8951
8967
8970
8974
9007
9011
9019
9033
9044
9047
9049
9063
9073
9083
9098
9112
9119
9124
9130
9132
9136
9146
9155
9169
9182
9192
9202
9210
9216
9226
9247
9260
9267
9304
9305
9310
9319
9342
9347
9352
9360
9370
9380
9390
9418
9422
9443
9447
9457
9471
9477
9478
9481
9488
9491
9501
9511
9522
9536
9548
9570
9578
9579
9596
9598
9604
9614
9624
9636
9665
9687
9697
9701
9704
9707
9717
9727
9752
9753
9769
9780
9799
9804
9812
9821
9833
9840
9848
9850
9856
9868
9875
9881
9894
9905
9914
9934
9938
9955
9972
9981
9986
9996
