[0, 61.0]
[5, 51.0]
[10, 47.0]
[15, 47.0]
[20, 40.0]
[25, 39.0]
[30, 37.0]
[35, 36.0]
[40, 36.0]
[45, 34.0]
[50, 32.0]
[55, 32.0]
[60, 31.0]
[65, 30.0]
[70, 30.0]
[75, 29.0]
[80, 28.0]
[85, 29.0]
[90, 27.0]
[95, 28.0]
[100, 27.0]
[105, 26.0]
[110, 24.0]
[115, 25.0]
[120, 24.0]
[125, 24.0]
[130, 21.0]
[135, 22.0]
[140, 22.0]
[145, 21.0]
[150, 22.0]
[155, 24.0]
[160, 22.0]
[165, 23.0]
[170, 22.0]
[175, 23.0]
[180, 22.0]
[185, 23.0]
[190, 23.0]
[195, 21.0]
[200, 21.0]
[205, 23.0]
[210, 22.0]
[215, 22.0]
[220, 24.0]
[225, 21.0]
[230, 21.0]
[235, 21.0]
[240, 23.0]
[245, 23.0]
[250, 21.0]
