[0, 54.0]
[5, 44.0]
[10, 40.0]
[15, 39.0]
[20, 36.0]
[25, 35.0]
[30, 35.0]
[35, 31.0]
[40, 30.0]
[45, 29.0]
[50, 28.0]
[55, 28.0]
[60, 28.0]
[65, 27.0]
[70, 26.0]
[75, 28.0]
[80, 26.0]
[85, 27.0]
[90, 26.0]
[95, 23.0]
[100, 21.0]
[105, 24.0]
[110, 21.0]
[115, 21.0]
[120, 23.0]
[125, 22.0]
[130, 20.0]
[135, 20.0]
[140, 21.0]
[145, 20.0]
[150, 20.0]
[155, 21.0]
[160, 20.0]
[165, 22.0]
[170, 21.0]
[175, 22.0]
[180, 22.0]
[185, 23.0]
[190, 23.0]
[195, 21.0]
[200, 22.0]
[205, 22.0]
[210, 19.0]
[215, 19.0]
[220, 18.0]
[225, 19.0]
[230, 23.0]
[235, 20.0]
[240, 19.0]
[245, 19.0]
[250, 19.0]
