[0, 92.0]
[5, 92.0]
[10, 92.0]
[15, 92.0]
[20, 92.0]
[25, 92.0]
[30, 92.0]
[35, 92.0]
[40, 92.0]
[45, 92.0]
[50, 92.0]
[55, 92.0]
[60, 92.0]
[65, 92.0]
[70, 92.0]
[75, 92.0]
[80, 92.0]
[85, 92.0]
[90, 92.0]
[95, 92.0]
[100, 92.0]
[105, 92.0]
[110, 92.0]
[115, 92.0]
[120, 92.0]
[125, 92.0]
[130, 92.0]
[135, 92.0]
[140, 92.0]
[145, 92.0]
[150, 92.0]
[155, 92.0]
[160, 92.0]
[165, 92.0]
[170, 92.0]
[175, 92.0]
[180, 92.0]
[185, 92.0]
[190, 92.0]
[195, 92.0]
[200, 92.0]
[205, 92.0]
[210, 92.0]
[215, 92.0]
[220, 92.0]
[225, 92.0]
[230, 92.0]
[235, 92.0]
[240, 92.0]
[245, 92.0]
[250, 92.0]
