[0, 62.0]
[5, 51.0]
[10, 49.0]
[15, 48.0]
[20, 43.0]
[25, 38.0]
[30, 37.0]
[35, 38.0]
[40, 36.0]
[45, 34.0]
[50, 33.0]
[55, 33.0]
[60, 31.0]
[65, 30.0]
[70, 30.0]
[75, 29.0]
[80, 29.0]
[85, 28.0]
[90, 29.0]
[95, 29.0]
[100, 29.0]
[105, 26.0]
[110, 26.0]
[115, 24.0]
[120, 24.0]
[125, 25.0]
[130, 22.0]
[135, 22.0]
[140, 21.0]
[145, 22.0]
[150, 22.0]
[155, 23.0]
[160, 22.0]
[165, 22.0]
[170, 23.0]
[175, 23.0]
[180, 22.0]
[185, 22.0]
[190, 23.0]
[195, 23.0]
[200, 22.0]
[205, 23.0]
[210, 23.0]
[215, 23.0]
[220, 26.0]
[225, 22.0]
[230, 20.0]
[235, 20.0]
[240, 25.0]
[245, 22.0]
[250, 23.0]
