[0, 59.0]
[5, 50.0]
[10, 47.0]
[15, 45.0]
[20, 41.0]
[25, 40.0]
[30, 37.0]
[35, 37.0]
[40, 36.0]
[45, 31.0]
[50, 32.0]
[55, 33.0]
[60, 30.0]
[65, 30.0]
[70, 29.0]
[75, 28.0]
[80, 27.0]
[85, 28.0]
[90, 29.0]
[95, 26.0]
[100, 25.0]
[105, 25.0]
[110, 23.0]
[115, 24.0]
[120, 23.0]
[125, 24.0]
[130, 22.0]
[135, 22.0]
[140, 23.0]
[145, 23.0]
[150, 22.0]
[155, 24.0]
[160, 24.0]
[165, 22.0]
[170, 22.0]
[175, 22.0]
[180, 20.0]
[185, 23.0]
[190, 22.0]
[195, 21.0]
[200, 22.0]
[205, 24.0]
[210, 23.0]
[215, 21.0]
[220, 23.0]
[225, 23.0]
[230, 20.0]
[235, 19.0]
[240, 20.0]
[245, 24.0]
[250, 21.0]
