[0, 62.0]
[5, 51.0]
[10, 50.0]
[15, 49.0]
[20, 44.0]
[25, 41.0]
[30, 40.0]
[35, 37.0]
[40, 37.0]
[45, 34.0]
[50, 36.0]
[55, 34.0]
[60, 31.0]
[65, 30.0]
[70, 30.0]
[75, 31.0]
[80, 33.0]
[85, 29.0]
[90, 29.0]
[95, 30.0]
[100, 29.0]
[105, 29.0]
[110, 27.0]
[115, 27.0]
[120, 27.0]
[125, 25.0]
[130, 23.0]
[135, 23.0]
[140, 22.0]
[145, 21.0]
[150, 22.0]
[155, 22.0]
[160, 23.0]
[165, 22.0]
[170, 23.0]
[175, 23.0]
[180, 23.0]
[185, 22.0]
[190, 23.0]
[195, 24.0]
[200, 22.0]
[205, 25.0]
[210, 23.0]
[215, 25.0]
[220, 24.0]
[225, 22.0]
[230, 24.0]
[235, 22.0]
[240, 23.0]
[245, 22.0]
[250, 22.0]
