[0, 49.0]
[5, 39.0]
[10, 34.0]
[15, 33.0]
[20, 30.0]
[25, 32.0]
[30, 29.0]
[35, 29.0]
[40, 27.0]
[45, 27.0]
[50, 28.0]
[55, 25.0]
[60, 26.0]
[65, 24.0]
[70, 26.0]
[75, 25.0]
[80, 22.0]
[85, 21.0]
[90, 18.0]
[95, 21.0]
[100, 21.0]
[105, 22.0]
[110, 20.0]
[115, 19.0]
[120, 18.0]
[125, 19.0]
[130, 19.0]
[135, 18.0]
[140, 18.0]
[145, 18.0]
[150, 18.0]
[155, 18.0]
[160, 16.0]
[165, 19.0]
[170, 20.0]
[175, 19.0]
[180, 19.0]
[185, 19.0]
[190, 20.0]
[195, 18.0]
[200, 16.0]
[205, 15.0]
[210, 18.0]
[215, 20.0]
[220, 18.0]
[225, 17.0]
[230, 20.0]
[235, 15.0]
[240, 16.0]
[245, 16.0]
[250, 15.0]
