[0, 64.0]
[5, 51.0]
[10, 51.0]
[15, 50.0]
[20, 47.0]
[25, 48.0]
[30, 44.0]
[35, 43.0]
[40, 40.0]
[45, 40.0]
[50, 38.0]
[55, 40.0]
[60, 36.0]
[65, 34.0]
[70, 34.0]
[75, 32.0]
[80, 31.0]
[85, 31.0]
[90, 32.0]
[95, 31.0]
[100, 29.0]
[105, 29.0]
[110, 28.0]
[115, 30.0]
[120, 29.0]
[125, 32.0]
[130, 29.0]
[135, 26.0]
[140, 26.0]
[145, 27.0]
[150, 26.0]
[155, 26.0]
[160, 24.0]
[165, 24.0]
[170, 24.0]
[175, 25.0]
[180, 24.0]
[185, 26.0]
[190, 26.0]
[195, 24.0]
[200, 24.0]
[205, 26.0]
[210, 25.0]
[215, 24.0]
[220, 23.0]
[225, 24.0]
[230, 24.0]
[235, 26.0]
[240, 21.0]
[245, 22.0]
[250, 24.0]
