[0, 65.0]
[5, 54.0]
[10, 53.0]
[15, 53.0]
[20, 50.0]
[25, 49.0]
[30, 47.0]
[35, 44.0]
[40, 44.0]
[45, 39.0]
[50, 39.0]
[55, 42.0]
[60, 39.0]
[65, 38.0]
[70, 38.0]
[75, 37.0]
[80, 35.0]
[85, 35.0]
[90, 35.0]
[95, 35.0]
[100, 34.0]
[105, 31.0]
[110, 31.0]
[115, 29.0]
[120, 30.0]
[125, 31.0]
[130, 31.0]
[135, 29.0]
[140, 27.0]
[145, 29.0]
[150, 28.0]
[155, 28.0]
[160, 25.0]
[165, 25.0]
[170, 29.0]
[175, 28.0]
[180, 28.0]
[185, 28.0]
[190, 27.0]
[195, 26.0]
[200, 25.0]
[205, 24.0]
[210, 25.0]
[215, 27.0]
[220, 29.0]
[225, 26.0]
[230, 26.0]
[235, 29.0]
[240, 24.0]
[245, 25.0]
[250, 24.0]
