[0, 52.0]
[5, 42.0]
[10, 33.0]
[15, 34.0]
[20, 32.0]
[25, 30.0]
[30, 30.0]
[35, 30.0]
[40, 29.0]
[45, 28.0]
[50, 28.0]
[55, 27.0]
[60, 28.0]
[65, 27.0]
[70, 26.0]
[75, 26.0]
[80, 23.0]
[85, 25.0]
[90, 24.0]
[95, 20.0]
[100, 22.0]
[105, 21.0]
[110, 20.0]
[115, 20.0]
[120, 19.0]
[125, 21.0]
[130, 19.0]
[135, 18.0]
[140, 18.0]
[145, 18.0]
[150, 19.0]
[155, 19.0]
[160, 18.0]
[165, 20.0]
[170, 19.0]
[175, 18.0]
[180, 22.0]
[185, 20.0]
[190, 20.0]
[195, 18.0]
[200, 18.0]
[205, 18.0]
[210, 18.0]
[215, 21.0]
[220, 19.0]
[225, 20.0]
[230, 20.0]
[235, 18.0]
[240, 19.0]
[245, 20.0]
[250, 17.0]
