[0, 59.0]
[5, 47.0]
[10, 41.0]
[15, 40.0]
[20, 34.0]
[25, 38.0]
[30, 32.0]
[35, 31.0]
[40, 34.0]
[45, 29.0]
[50, 30.0]
[55, 29.0]
[60, 30.0]
[65, 30.0]
[70, 27.0]
[75, 27.0]
[80, 26.0]
[85, 26.0]
[90, 27.0]
[95, 27.0]
[100, 26.0]
[105, 26.0]
[110, 25.0]
[115, 24.0]
[120, 24.0]
[125, 24.0]
[130, 21.0]
[135, 21.0]
[140, 21.0]
[145, 21.0]
[150, 22.0]
[155, 23.0]
[160, 22.0]
[165, 21.0]
[170, 22.0]
[175, 22.0]
[180, 23.0]
[185, 23.0]
[190, 21.0]
[195, 21.0]
[200, 21.0]
[205, 22.0]
[210, 21.0]
[215, 20.0]
[220, 20.0]
[225, 22.0]
[230, 22.0]
[235, 22.0]
[240, 20.0]
[245, 21.0]
[250, 20.0]
