[0, 63.0]
[5, 52.0]
[10, 50.0]
[15, 51.0]
[20, 48.0]
[25, 49.0]
[30, 45.0]
[35, 43.0]
[40, 41.0]
[45, 41.0]
[50, 36.0]
[55, 40.0]
[60, 37.0]
[65, 34.0]
[70, 34.0]
[75, 34.0]
[80, 32.0]
[85, 30.0]
[90, 30.0]
[95, 32.0]
[100, 28.0]
[105, 28.0]
[110, 29.0]
[115, 28.0]
[120, 29.0]
[125, 30.0]
[130, 30.0]
[135, 30.0]
[140, 27.0]
[145, 25.0]
[150, 25.0]
[155, 26.0]
[160, 25.0]
[165, 24.0]
[170, 25.0]
[175, 25.0]
[180, 25.0]
[185, 26.0]
[190, 26.0]
[195, 25.0]
[200, 25.0]
[205, 26.0]
[210, 26.0]
[215, 25.0]
[220, 25.0]
[225, 24.0]
[230, 26.0]
[235, 25.0]
[240, 24.0]
[245, 24.0]
[250, 25.0]
