[0, 60.0]
[5, 49.0]
[10, 47.0]
[15, 44.0]
[20, 38.0]
[25, 35.0]
[30, 36.0]
[35, 36.0]
[40, 33.0]
[45, 31.0]
[50, 30.0]
[55, 30.0]
[60, 30.0]
[65, 30.0]
[70, 29.0]
[75, 29.0]
[80, 27.0]
[85, 26.0]
[90, 26.0]
[95, 26.0]
[100, 25.0]
[105, 27.0]
[110, 25.0]
[115, 23.0]
[120, 24.0]
[125, 23.0]
[130, 22.0]
[135, 22.0]
[140, 22.0]
[145, 21.0]
[150, 21.0]
[155, 22.0]
[160, 24.0]
[165, 22.0]
[170, 22.0]
[175, 22.0]
[180, 21.0]
[185, 23.0]
[190, 22.0]
[195, 22.0]
[200, 21.0]
[205, 23.0]
[210, 19.0]
[215, 21.0]
[220, 20.0]
[225, 22.0]
[230, 20.0]
[235, 20.0]
[240, 21.0]
[245, 20.0]
[250, 22.0]
