[0, 63.0]
[5, 52.0]
[10, 51.0]
[15, 52.0]
[20, 49.0]
[25, 49.0]
[30, 44.0]
[35, 44.0]
[40, 40.0]
[45, 42.0]
[50, 39.0]
[55, 41.0]
[60, 38.0]
[65, 38.0]
[70, 36.0]
[75, 36.0]
[80, 35.0]
[85, 29.0]
[90, 33.0]
[95, 36.0]
[100, 31.0]
[105, 29.0]
[110, 29.0]
[115, 29.0]
[120, 30.0]
[125, 29.0]
[130, 29.0]
[135, 28.0]
[140, 27.0]
[145, 25.0]
[150, 27.0]
[155, 26.0]
[160, 25.0]
[165, 25.0]
[170, 27.0]
[175, 27.0]
[180, 26.0]
[185, 27.0]
[190, 26.0]
[195, 24.0]
[200, 27.0]
[205, 23.0]
[210, 28.0]
[215, 27.0]
[220, 27.0]
[225, 26.0]
[230, 27.0]
[235, 28.0]
[240, 22.0]
[245, 24.0]
[250, 24.0]
