[0, 62.0]
[5, 51.0]
[10, 50.0]
[15, 50.0]
[20, 45.0]
[25, 45.0]
[30, 42.0]
[35, 40.0]
[40, 36.0]
[45, 35.0]
[50, 38.0]
[55, 36.0]
[60, 33.0]
[65, 33.0]
[70, 31.0]
[75, 32.0]
[80, 32.0]
[85, 29.0]
[90, 30.0]
[95, 30.0]
[100, 29.0]
[105, 30.0]
[110, 27.0]
[115, 28.0]
[120, 27.0]
[125, 27.0]
[130, 24.0]
[135, 25.0]
[140, 25.0]
[145, 23.0]
[150, 24.0]
[155, 23.0]
[160, 23.0]
[165, 22.0]
[170, 24.0]
[175, 25.0]
[180, 23.0]
[185, 23.0]
[190, 24.0]
[195, 24.0]
[200, 26.0]
[205, 26.0]
[210, 26.0]
[215, 25.0]
[220, 27.0]
[225, 24.0]
[230, 24.0]
[235, 24.0]
[240, 22.0]
[245, 23.0]
[250, 21.0]
