[0, 63.0]
[5, 51.0]
[10, 50.0]
[15, 51.0]
[20, 46.0]
[25, 44.0]
[30, 43.0]
[35, 41.0]
[40, 40.0]
[45, 37.0]
[50, 37.0]
[55, 37.0]
[60, 34.0]
[65, 33.0]
[70, 30.0]
[75, 32.0]
[80, 31.0]
[85, 31.0]
[90, 31.0]
[95, 31.0]
[100, 32.0]
[105, 30.0]
[110, 29.0]
[115, 29.0]
[120, 29.0]
[125, 29.0]
[130, 27.0]
[135, 27.0]
[140, 26.0]
[145, 24.0]
[150, 24.0]
[155, 24.0]
[160, 24.0]
[165, 23.0]
[170, 23.0]
[175, 25.0]
[180, 25.0]
[185, 23.0]
[190, 25.0]
[195, 24.0]
[200, 24.0]
[205, 24.0]
[210, 24.0]
[215, 25.0]
[220, 25.0]
[225, 23.0]
[230, 25.0]
[235, 25.0]
[240, 22.0]
[245, 20.0]
[250, 23.0]
