[0, 40.0]
[5, 32.0]
[10, 30.0]
[15, 29.0]
[20, 28.0]
[25, 25.0]
[30, 26.0]
[35, 22.0]
[40, 23.0]
[45, 23.0]
[50, 23.0]
[55, 22.0]
[60, 20.0]
[65, 19.0]
[70, 18.0]
[75, 17.0]
[80, 19.0]
[85, 20.0]
[90, 23.0]
[95, 22.0]
[100, 18.0]
[105, 21.0]
[110, 20.0]
[115, 20.0]
[120, 22.0]
[125, 21.0]
[130, 20.0]
[135, 18.0]
[140, 21.0]
[145, 20.0]
[150, 18.0]
[155, 17.0]
[160, 16.0]
[165, 16.0]
[170, 18.0]
[175, 17.0]
[180, 15.0]
[185, 17.0]
[190, 16.0]
[195, 14.0]
[200, 14.0]
[205, 14.0]
[210, 14.0]
[215, 18.0]
[220, 16.0]
[225, 14.0]
[230, 14.0]
[235, 14.0]
[240, 12.0]
[245, 15.0]
[250, 17.0]
