[0, 45.0]
[5, 31.0]
[10, 31.0]
[15, 29.0]
[20, 27.0]
[25, 27.0]
[30, 25.0]
[35, 27.0]
[40, 27.0]
[45, 25.0]
[50, 21.0]
[55, 21.0]
[60, 21.0]
[65, 20.0]
[70, 21.0]
[75, 19.0]
[80, 18.0]
[85, 20.0]
[90, 20.0]
[95, 20.0]
[100, 21.0]
[105, 19.0]
[110, 17.0]
[115, 16.0]
[120, 17.0]
[125, 16.0]
[130, 15.0]
[135, 15.0]
[140, 15.0]
[145, 16.0]
[150, 18.0]
[155, 19.0]
[160, 19.0]
[165, 14.0]
[170, 17.0]
[175, 16.0]
[180, 16.0]
[185, 16.0]
[190, 18.0]
[195, 14.0]
[200, 17.0]
[205, 14.0]
[210, 15.0]
[215, 12.0]
[220, 10.0]
[225, 13.0]
[230, 14.0]
[235, 16.0]
[240, 14.0]
[245, 15.0]
[250, 12.0]
