[0, 52.0]
[5, 43.0]
[10, 38.0]
[15, 35.0]
[20, 35.0]
[25, 33.0]
[30, 32.0]
[35, 29.0]
[40, 29.0]
[45, 29.0]
[50, 27.0]
[55, 29.0]
[60, 29.0]
[65, 27.0]
[70, 26.0]
[75, 27.0]
[80, 23.0]
[85, 24.0]
[90, 24.0]
[95, 21.0]
[100, 22.0]
[105, 21.0]
[110, 21.0]
[115, 22.0]
[120, 21.0]
[125, 20.0]
[130, 20.0]
[135, 20.0]
[140, 21.0]
[145, 19.0]
[150, 21.0]
[155, 20.0]
[160, 22.0]
[165, 21.0]
[170, 20.0]
[175, 20.0]
[180, 22.0]
[185, 23.0]
[190, 21.0]
[195, 21.0]
[200, 21.0]
[205, 19.0]
[210, 18.0]
[215, 18.0]
[220, 19.0]
[225, 20.0]
[230, 22.0]
[235, 19.0]
[240, 19.0]
[245, 20.0]
[250, 20.0]
