[0, 45.0]
[5, 36.0]
[10, 32.0]
[15, 32.0]
[20, 28.0]
[25, 29.0]
[30, 29.0]
[35, 27.0]
[40, 26.0]
[45, 25.0]
[50, 26.0]
[55, 24.0]
[60, 23.0]
[65, 24.0]
[70, 23.0]
[75, 20.0]
[80, 20.0]
[85, 21.0]
[90, 20.0]
[95, 18.0]
[100, 19.0]
[105, 18.0]
[110, 18.0]
[115, 18.0]
[120, 19.0]
[125, 17.0]
[130, 18.0]
[135, 18.0]
[140, 20.0]
[145, 19.0]
[150, 17.0]
[155, 18.0]
[160, 19.0]
[165, 18.0]
[170, 21.0]
[175, 17.0]
[180, 19.0]
[185, 21.0]
[190, 19.0]
[195, 19.0]
[200, 14.0]
[205, 15.0]
[210, 14.0]
[215, 15.0]
[220, 15.0]
[225, 13.0]
[230, 16.0]
[235, 12.0]
[240, 15.0]
[245, 13.0]
[250, 16.0]
