[0, 57.0]
[5, 46.0]
[10, 41.0]
[15, 37.0]
[20, 35.0]
[25, 33.0]
[30, 34.0]
[35, 33.0]
[40, 31.0]
[45, 29.0]
[50, 29.0]
[55, 29.0]
[60, 30.0]
[65, 27.0]
[70, 27.0]
[75, 27.0]
[80, 27.0]
[85, 25.0]
[90, 26.0]
[95, 25.0]
[100, 23.0]
[105, 24.0]
[110, 23.0]
[115, 23.0]
[120, 21.0]
[125, 24.0]
[130, 20.0]
[135, 21.0]
[140, 20.0]
[145, 18.0]
[150, 20.0]
[155, 21.0]
[160, 19.0]
[165, 22.0]
[170, 22.0]
[175, 22.0]
[180, 22.0]
[185, 23.0]
[190, 21.0]
[195, 21.0]
[200, 22.0]
[205, 21.0]
[210, 20.0]
[215, 20.0]
[220, 19.0]
[225, 21.0]
[230, 23.0]
[235, 21.0]
[240, 24.0]
[245, 22.0]
[250, 20.0]
