[-0.2898829502726147, -0.10351120705973163, 10.869654264967735, 0.7852566277140665]

[-0.12725090290059596, 0.5058128957644967, 15.695697091163566, 1.5950658353783829]
[1.1829431407271955, 0.3917867836328985, 13.632050071341844, 0.7140237505578607]
[-0.5339286075063164, -0.3470503972281419, 9.46379329427527, 0.0863437796788955]
[-0.14975063850160755, 1.7321956376225205, 10.247487405326178, 0.5543786899802717]
[-0.6045582761932456, -1.2202780489499545, 9.073784200067951, 0.3676380265159224]
[0.1578445695141433, -0.6238508314342669, 9.828065679286905, -0.18546841696233224]
[-1.6971792100796306, -0.6417261089024151, 11.154214655579938, 1.4506480202381564]
[-0.878428024136545, -0.4305840490916532, 6.81155997234338, 0.80175195915676]
[0.041361396623069924, -0.29790674495106895, 11.920236015324594, 1.6829280048826805]



[-0.27309710786738406, -0.16143596324166185, 0.10238135194368164, 9.20348856420065]

[-2.4069227331099996, -0.5848698344944852, -0.3115313144223742, 6.50949997097855]
[-0.587708059847146, -1.7382090575425704, -0.23866270850184362, 10.685673039254283]
[0.2852560019217918, 0.1625041537236652, -0.6954964908827777, 15.558667174802641]
[1.7544650555239723, 1.0034993584572411, 1.267954936915731, 10.000501923455534]
[-1.3243560110293797, -0.005550763027013825, -0.03384537665303792, 6.470164664893831]
[-0.2472455145815406, -0.9275893487256133, 1.5936812777315876, 4.372959583077237]
[0.19299063592329657, -0.5155827012692158, -0.2990797340245963, 8.932285251511558]
[-1.1123181891922993, 0.8929218122154533, 0.5767534793882365, 9.243315477039353]
[0.9879648435848479, 0.25995271148758237, -0.9383419020577908, 11.058329992792874]



[5.281751659947446, 0.1862391436243502, 0.11940189977977085, -0.5579775734248527]

[1.3850627821942076, -1.9114390040448879, 0.11601784576860859, 0.13017740916602652]
[5.538512519012149, -0.5644073084891922, 0.0221942135491609, -0.7791857624031108]
[7.251724335832805, 0.8155623149400284, 0.28679202494599887, -2.910892014073278]
[-1.1344410859003695, 0.8512595177499426, 2.970952227678122, -1.6994324828053682]
[0.7404323774233301, 0.3352404928467718, -2.3239108451871258, 4.243663606069726]
[6.652633530912581, 0.38121258076666764, -0.2016147694376492, 0.2639254010663841]
[5.8404588553320975, 1.5313201943078933, 0.25513096958748976, -2.65412440909193]
[9.364942837433887, 0.036771538615809576, 2.0600086386691436, 0.17156424522293515]
[11.230440533690714, 0.7896883480994309, -0.6641827406037693, -0.7720357228650359]
[4.979315810350235, -0.1050050500600913, -0.4566231083727577, -1.0863077405506243]
[4.15090122439004, 0.7614920434443089, -0.7024565771407252, -3.085596503131259]
[7.3810361986976805, -0.6868259446844793, 0.07051491790075393, 1.4825130922973029]



[-0.32316025233606266, 10.221466592644227, -0.33699058000281, 0.10189360297827559]

[2.326997785951237, 13.745865730574153, -0.8789197953674901, 0.19942040744064526]
[-1.6440772021341898, 8.409718191804295, -1.27685407573866, -2.080304680683447]
[0.08381181042444807, 5.690638620865987, -1.8575386143972288, 2.254693219593084]
[-0.8441886875830532, 12.730597871454354, -0.5744541708030089, 1.715722323664276]
[-0.8230366238090353, 7.438251159052447, 0.3845563300927526, 0.5341867517684235]
[-0.7902413837713825, 16.713628961676882, -0.5452995852334188, -0.5614674090997932]
[-1.0702501117135177, 9.098531164187909, 0.6322042795508133, 1.262161195559298]
[-1.6916989007616041, 10.434028810706732, 0.316046094498874, -0.8889612880045634]
[-0.5506693081862548, 9.482414790901739, 0.9405859675274625, -0.695642721194869]
[1.7717500982227252, 8.470990625217762, -0.5102322301581967, -0.7208717692602984]



0.2432174116317906