[5.935872304274693, -0.42321294798165865, -0.8132010049403102, 0.23717451659830474]

[6.0147962528433165, 1.1983975221040524, -1.0430575360339143, -0.7054182859320642]
[7.422218839069938, 0.21356796657284324, 2.708145533647211, 4.9151488931864895]
[5.417678341795161, 0.05143033497964115, -2.5577317201518506, 0.033491933814891954]
[8.114794723204344, 0.1755956694939577, -0.03192399333661523, 0.30255107297053646]
[6.555656643379211, -0.01960799285341438, -0.015408366620828342, 0.001655468348537249]
[5.868245367764472, -2.8723665298540473, -1.2750725114223616, 3.2019495123015713]
[5.855906077441494, 3.0244474579561342, -5.271826097387852, 0.12172107699522208]
[3.252815946300556, 1.2050962506533365, -0.031831841471406795, -2.6027731083308714]
[4.979545319466693, -5.125207808982711, -3.357826392683994, -0.3942743304864518]
[5.697188787521086, -0.9897914929386145, 1.7711690319543067, -0.2627715537971388]
[6.11574904823535, -1.5169038049294234, 0.16015283916389345, -2.002360996489369]



[-0.25421828797708645, -0.07606029395064999, 0.4315111280713196, 4.430768982297558]

[-0.5449218961303359, -1.426251716991744, 0.3224269475086778, 4.378042463222534]
[-2.754277117219991, -0.9035168847974075, 0.30864832591423674, -0.1638465858874644]
[-0.1917547740195287, -0.6196494795362598, -1.336154683898662, 5.793096743515044]
[1.8874725622356872, -1.3157239319332774, 0.1780606492697023, 6.794548315389576]
[1.0216967400949217, 0.07041168488234766, -0.16640449928687082, 6.585537433148787]
[-0.944169443326228, -0.0018269879139383581, -0.033575688633854656, 7.565122796558114]
[-1.5259744431424123, -3.342902583237607, 2.289478866865563, 4.723780292864889]
[0.448784122819923, 0.09130332097958463, 0.48366750131938524, 5.2724300516254745]
[0.4272610141036941, -0.01844284786413535, 0.04394680554910999, 1.7395841545569768]
[0.6512642732860755, -0.08583356710007364, -0.3709202581596898, 6.088950514111547]
[-0.4266492645346474, 2.929751209907549, 0.7646724147317142, 3.4328880037341944]



[-0.5064170096753764, -0.040767670228403094, 5.993716058382093, -0.7972890464475291]

[-0.9537009637673945, -0.14519062457832144, 4.473740683556797, -2.742369699425808]
[-0.5415326664068886, -1.0969864871374901, 6.618534721948126, 0.06762319298949593]
[0.21187976568756067, 1.8138144825887041, 5.221344099213633, 0.20106425245430934]
[0.18737739889635946, 1.491238014264681, 7.379969732004534, -2.300946478590391]
[0.901713593509212, 0.0767722385365736, 5.916479801194373, -1.1384446037216884]
[1.5192189635830948, -0.6033853616925898, 5.848626110406427, 1.3719189489485424]
[-3.0374984493450747, 0.16036375197223082, 7.1598289346430075, -3.0884191357702004]
[-0.9895935182823026, -1.5223497590284596, 6.15794935349105, 0.03358383356181605]
[-1.8556172109529538, -0.5411852869809561, 5.166971088980884, 0.4203882715261626]



[0.7447254372171115, 5.943126389414751, -0.5692404397288148, -0.697616767974718]

[0.36268984477595645, 5.862942674793694, 0.10870159971493795, -3.4326071905467237]
[1.5819516685013648, 7.0014558849669335, -2.426089738140824, 1.0702235119886527]
[0.047291710698334245, 5.950030483412961, 1.5718158969200944, 0.43850604727674813]
[0.1886695069416688, 4.039726836894272, 1.370650500440141, 0.6180254720468963]
[-1.0993512298921955, 3.7099582561971625, 2.694287155676524, 0.9590936047310136]
[3.3968802687173474, 11.327665347834817, 1.1973240482175656, -1.134124890752873]
[0.19804758183227433, 0.6977093467895761, -0.4218215663503173, -6.7843431751293215]
[0.11933247090634681, 4.453125011010573, -5.652566286390788, 2.5132770140389145]
[0.06294044536359843, 8.212355529615184, -0.30193797224132835, 1.1301090672799619]



0.3639755870331884
