[0.6783886225466329, -0.0919240285222923, 6.246718342147123, 0.41455848418496083]

[0.6523134398574202, 0.7875460509052405, 4.776409931311739, 0.20062697098468257]
[0.6783886225466329, -0.0919240285222923, 6.246718342147123, 0.41455848418496083]
[-0.4310454777561684, 0.5438183110952889, 5.9876325391490015, 1.270994435290308]
[1.6624001977903002, 0.11181904718129759, 7.358877614758592, -0.8197207923811544]
[1.4549389876107766, 0.5522605581991143, 5.851702216440689, 0.4338997755500939]
[-1.1793155643577613, -0.06820663833227639, 6.640635380320212, 0.3320352459798002]
[-1.7808486713327698, -0.2833010580635285, 6.4050899332492675, 0.14552038630284783]
[-2.8445481024707933, -0.7857502589734158, 4.8583563868657755, 0.859346814542699]
[-0.6585082438342752, 0.17405842708080801, 6.0309801068480935, 2.1838250472278875]
[-0.9339323941998752, 1.3102486156656505, 7.703437196354038, 1.8350469623114425]



[1.368517106416911, 5.979164433352748, 0.4594979582610832, -1.736679823561502]

[1.8537395585575527, 4.351655219704507, 0.2698368401044903, -2.164964562062714]
[0.32488199066318973, 3.6772212995593745, 0.969042521170981, -0.8454907983061779]
[1.368517106416911, 5.979164433352748, 0.4594979582610832, -1.736679823561502]
[-2.208544610175133, 5.543235827979842, -0.1298692250501284, 0.5506869887732281]
[1.1873286508397718, 7.453835801424759, -0.14814551585269914, -0.12111405065358155]
[-0.17340046660425112, 4.355230132367872, 0.5737768271765019, 0.7541957125995485]
[-0.19047520334083887, 5.441366349309276, 0.231146113298224, 0.31950487062352245]
[0.5111972758955675, 7.112706856689737, -1.2074500897673222, 0.8271375517779475]
[1.171705286952579, 7.707208010805881, 0.22031252628640297, -1.3746853217257646]
[-1.0498785803828303, 5.952308998933317, 0.1756200066455977, 1.0273673042870135]



[-1.0350042138069904, 0.8208799906457379, 0.48855095789112873, 5.915583030884626]

[1.2440829996279723, 0.2639610841381816, 0.7097924757166579, 5.5399714719290865]
[0.6276084624365323, -0.23313169164703682, -1.488506346009448, 7.002016101322271]
[0.5756468105680582, -0.38057390982222367, 0.25828302552643695, 5.208412611175085]
[-1.0350042138069904, 0.8208799906457379, 0.48855095789112873, 5.915583030884626]
[0.8179739981065554, 1.517879518158487, 0.023335371399832584, 6.127430564497011]
[-1.499009272193206, 0.8578523234053431, 0.6950428862670545, 6.718679483806459]
[-0.975403781274738, 0.05128109225246797, 2.124128704232276, 6.3786948964782395]
[0.6435949452568445, 0.16572652473862842, -0.050308907699652156, 6.142151044750497]
[-2.7994153875095735, -0.4845933520818175, 0.13781543249355166, 5.427537979442261]
[-0.8210134561397665, 1.06674344915785, -1.1067916727772198, 5.24859451388031]



[7.6875647786681345, -0.8357917693498652, 1.8605850002313313, 1.1823224842299118]

[5.704197336905842, -0.9701612781878628, -0.5105361394908, 0.03865776347652717]
[5.0696380693025045, -0.34885680676233266, 0.24755580433089522, 0.39325551001823067]
[6.435229196015965, -1.2394025762002183, 1.316103123977925, -1.395389309829556]
[7.042294393963724, 0.8887950904377997, -1.0752659759049183, 0.13607098586294833]
[7.6875647786681345, -0.8357917693498652, 1.8605850002313313, 1.1823224842299118]
[8.136227446194487, 1.4400036401611167, 0.9805961009786122, -0.21244782489460168]
[8.2250674879944, -0.18398780076225202, -0.5634110592105784, -0.3307785270685284]
[5.481254806184538, 0.09526804173241465, -0.07082056188121455, 1.426410292228816]
[4.4844684982406875, 0.052439527899792046, -0.6861480152873766, 0.6638672793886335]
[4.202844982497704, 1.1916392855923996, 0.8525998818366389, 0.5592651749002131]



0.2934784674080729