[-0.7764501356782414, 6.869415201552785, 0.36499957428708846, -0.3735243339792534]

[1.2931167168969664, 8.732798547158003, 0.852143434549964, 2.26884891644021]
[0.86267421419143, 9.761402658918957, 1.745567416961824, -1.0002831832019354]
[-0.4279079794005772, 7.703841581775715, -0.5266090706484261, -0.5388476118941242]
[0.38071465780174374, 8.640404462980328, -1.3158732482107183, -0.6698504663985845]
[-0.7764501356782414, 6.869415201552785, 0.36499957428708846, -0.3735243339792534]
[1.2432812673830842, 7.614114968493241, 1.3505139446514853, 2.116477298788876]
[-2.012881674632302, 8.464592807594565, -0.1446645908013963, -0.26285447599901224]
[0.8410929876779065, 7.854788216412097, -0.30894552277296977, 0.3286672496102514]
[-2.187385683996003, 7.045598483878663, 0.5268680590304321, 0.8816156030766922]
[0.1681684804418185, 7.382865856636647, 0.681311836799482, -0.975784308726635]



[0.8216082218817664, 0.4922134489969033, 8.700197839293777, -0.019110313869241505]

[0.46327088134473526, 0.5622083592959235, 7.2172059029756985, 1.4500503871911767]
[0.9040140630857916, -1.3517900836780974, 8.857380379975211, -1.1567000322333794]
[1.3158204925469994, -0.4706303570225108, 7.069065718109165, 1.7676972276064424]
[0.11031429490700308, -0.07967629066441886, 7.351531598424328, -0.6029527873379856]
[-0.7417766950031327, 1.5335470533367623, 7.951198078367084, -0.07719395649135104]
[0.23055018548448625, -0.050453869668912465, 7.159677872598536, -0.4353637634053991]
[0.8216082218817664, 0.4922134489969033, 8.700197839293777, -0.019110313869241505]
[0.5691201754572166, -0.7648502223607031, 8.73608106538582, 0.5491115565484225]
[1.5488668593489603, -0.5374011692533899, 6.9778553549265725, 0.9170357886658679]
[-0.017609833559446408, -1.6497461359330814, 4.894298125219613, -1.0776259780022597]



[-0.36076308812696234, 1.5475529733536335, 7.735917338186904E-4, 9.57279313880586]

[-0.36076308812696234, 1.5475529733536335, 7.735917338186904E-4, 9.57279313880586]
[0.7465592134468206, 0.5888116780090396, -0.1439585062132889, 9.505537291143117]
[-0.3685750932423448, -1.1580785636529645, 0.6443266333782859, 6.3259621581840015]
[-2.331401504649915, -0.5040322213425854, 0.8639959672178712, 9.165091480962445]
[0.8227948787580217, -1.2094402142693326, -0.00716530332933349, 8.71016912017763]
[-0.6614799067433653, -1.0047516958173262, -0.2348604533885979, 8.629401033717263]
[-1.5939899615216495, 1.6363522277504179, -0.8075358855913614, 8.768012835305841]
[0.8117068844701594, -1.9072541762218664, -0.02974645746494602, 7.5501544595773815]
[-2.1164825864326864, -0.5389882732034583, 0.8177838392982923, 8.409354314846023]
[0.07617794211381676, 0.09255064386754258, 0.3439506823938735, 6.708891332600499]



[9.436984589385151, -0.777207950769064, -0.5950240051715427, -0.16765098524404223]

[9.374902162877405, -0.882680538751507, -0.38614986016862374, -1.258503857569701]
[8.15884362552909, -0.4273366989756019, -0.8723115036846338, 0.37496683011312804]
[8.029568972336785, -0.5726503510812088, 0.17189695131247798, -1.8243319795200659]
[6.386526059411488, 0.5986256745826782, -1.136729608162907, 2.080487749142795]
[9.065181915416504, -0.8930158886613014, 0.12903387674608233, -0.5794222604099619]
[7.824410438534965, -1.8717655388186618, 0.0990981472333801, 1.509237570703045]
[9.436984589385151, -0.777207950769064, -0.5950240051715427, -0.16765098524404223]
[8.95387113358539, 2.200078088045817, 0.47705785614647583, 0.39886169981996805]
[7.776245077064127, 0.5206097152754354, 1.4090520546996521, -1.2980992761524452]
[9.33786338071885, 0.6410070536603198, -0.17849826616508987, 0.17214948668816013]



0.208608788881115
