4.992628725055458 0.251287195384376 -0.1646406778196781 0.20285247139166204 
4.098778560771686 -1.165585812432618 0.38261364326290254 0.8881805318423671 
2.779671848920893 -1.382649371204625 -0.3093568535722821 0.14773178040860468 
3.4571495071660867 -0.5687049650248542 -0.46252004416147785 0.11696936731012421 
4.172061333463802 -1.111034483014581 1.2430971407812752 -0.10179336535912326 
4.123374872462234 0.7776240668395645 0.5307171213347743 0.7138377434664401 
4.244312526696584 0.5203286224028919 0.06152133301499473 -0.867906237419257 
3.6768539659590136 0.909605318226015 -0.46931036150842925 0.15258236850055495 
4.272686298019207 -0.8615389095644813 -1.4794037254979713 0.2619651740233814 
3.2589342043266734 1.3023312225081394 1.9534978363649045 1.6361262104347505 
0.5057576886427223 2.521287253322722 -0.5739394377535003 0.9392078845912667 
-0.09250405977454543 2.8639190543053834 1.0927216493578913 -1.8951960520420648 
-0.5275222853959808 4.758758619908572 -0.3974357819539064 -0.4954782848679528 
-1.039257571536425 2.2822396196951775 -0.47247234553471507 -0.8895371364008869 
1.1283328044652732 4.7186985097868375 0.4454723420886248 0.5167635723646447 
-0.3795240481559585 5.40622652014941 0.9345300191387997 -0.29293775567620645 
0.9926413181785771 2.70355330805433 1.6680062756207 -0.015729675283967265 
0.5515056905522696 3.5534523641303957 -1.7705522021671314 -2.020246259060894 
-0.4319285913409781 4.512382614643021 -0.1180132169393593 -0.21323077863479722 
0.19155814379794553 6.132828614719502 -0.6452961265135786 1.0602528365132189 
-1.071382694916736 0.3107318167615765 5.389264898340346 -1.8180282652776905 
-2.2303107479973248 -0.17694309388685242 3.370876637713675 1.3328444313546133 
-0.7888641651135131 0.28364082497775356 4.795319356199343 0.8648331307636534 
1.038903426175717 -0.48619638816465965 4.7256554983164385 -0.19168544092027165 
-1.9851127634139514 -0.545301167087223 4.906007695653743 -0.16596531543868173 
1.3003510091720552 0.5151141588194119 3.4668672940197434 -0.12976474545856648 
2.1837035681703565 0.26968582167981575 5.036633380271294 -1.5465026759478724 
0.23883043841500634 0.7123611136411381 4.016007535125477 -1.2780264261375518 
-0.6932073992121398 -0.37265385955444025 3.279693773433434 -0.9475807325811201 
-0.5410420510919057 0.08126598581041022 4.807123879685177 0.18185802182997773 
-1.5604416046133802 0.9875690566641167 0.3125525992176577 4.789326339520757 
0.8580043476425829 0.03471737085301263 -0.8897016648114072 5.365117649558498 
0.0021502122383272476 -0.6295092360327498 -0.5274111705583634 4.414600728046571 
-2.231891742819883 -2.3787941702742206 0.8813256027978159 3.7794386124330193 
0.2640540000676064 -0.04966660309882589 -1.8327940179422997 2.979496104059158 
-0.9721199138893712 -0.4548675774969015 -0.6175346421513705 6.283651577087133 
-0.6122292645348796 0.5462495409081726 0.5043252139352156 3.3046202210428572 
-0.5565050353975541 0.3945429971509228 0.671850910207584 3.9545814996360145 
-0.47747164008003523 0.5242656733522617 -0.2938263822402696 2.1107919853918222 
-0.6058194141552324 -1.201415016820668 0.10489494943088484 2.443369863117049 
